2023 6 11 10 13 35
player15
5
300
0 0 0 0 0 0 0 0 0 0 
0 0 0 0 0 0 0 0 0 0 
0 0 0 0 0 0 0 0 0 0 
0 0 0 0 0 0 0 0 0 0 
0 0 0 0 0 0 0 0 0 0 
0 0 0 0 0 0 0 0 0 0 
0 0 0 0 0 0 0 0 0 0 
0 0 0 0 0 0 0 0 0 0 
0 0 0 0 0 0 0 0 0 0 
0 0 0 0 0 0 0 0 0 0 
0 0 0 0 0 0 0 0 0 0 
0 0 0 0 0 0 0 0 0 0 
0 0 0 0 0 0 0 0 0 0 
0 0 0 0 0 0 0 0 0 0 
0 1 0 0 0 0 0 0 0 0 
1 1 0 1 0 0 0 0 1 0 
1 1 0 1 1 1 1 1 1 0 
0 0 1 1 1 1 1 0 1 1 
1 1 1 1 1 1 1 1 0 1 
1 1 1 1 1 1 1 1 0 1 
5 16777045 3 7 0
0 11141120 4 0 0
