2024 12 22 23 49 55
player19
4
300
0 0 0 0 0 0 0 0 0 0 
0 0 0 0 0 0 0 0 0 0 
0 0 0 0 0 0 0 0 0 0 
0 0 0 0 0 1 1 0 0 0 
0 0 0 0 1 1 0 0 0 0 
0 0 0 0 1 1 0 0 0 0 
0 0 0 0 0 1 1 0 0 0 
0 0 0 1 0 1 0 0 0 0 
0 0 0 1 1 1 1 0 0 0 
1 1 1 1 1 1 0 0 0 0 
1 1 1 0 1 1 1 1 0 0 
0 0 1 1 1 0 1 1 1 1 
0 1 1 0 0 0 1 1 1 0 
0 1 1 1 0 1 0 0 1 0 
0 1 1 1 1 1 1 0 1 1 
1 1 0 1 1 1 1 1 1 1 
0 1 0 1 1 1 1 1 1 1 
1 1 0 1 1 1 1 1 1 0 
1 1 0 0 1 1 1 1 1 1 
0 1 1 0 1 0 1 1 1 1 
2 170 4 0 0
3 11141290 4 0 0
